DEBUG (0): 1 0 160696 16068 
DEBUG (0): 2 0 160957 16094 
DEBUG (0): 3 1 312969 17064 
DEBUG (0): 1 0 316967 31695 
DEBUG (0): 2 0 317233 31246 
DEBUG (0): 2 0 473494 47349 
DEBUG (0): 3 1 625506 62497 
DEBUG (0): 1 0 629503 62949 
DEBUG (0): 2 0 630256 62499 
DEBUG (0): 3 1 781777 12588 
DEBUG (0): 2 0 786527 13115 
DEBUG (0): 1 0 786773 12640 
DEBUG (0): 2 0 942797 28742 
DEBUG (0): 1 0 943539 28767 
DEBUG (0): 2 0 1099063 44369 
DEBUG (0): 1 0 1099808 44443 
DEBUG (0): 3 1 1251092 59568 
DEBUG (0): 2 0 1255334 59572 
DEBUG (0): 1 0 1256073 60070 
DEBUG (0): 3 1 1407369 9660 
DEBUG (0): 2 0 1411604 9663 
DEBUG (0): 1 0 1412350 10161 
DEBUG (0): 2 0 1567870 25714 
DEBUG (0): 1 0 1568617 25788 
DEBUG (0): 3 1 1719906 40913 
DEBUG (0): 2 0 1724139 40916 
DEBUG (0): 2 0 1880406 56590 
DEBUG (0): 1 0 1881164 57042 
DEBUG (0): 3 1 2033404 6679 
DEBUG (0): 2 0 2036673 6731 
DEBUG (0): 1 0 2037436 7133 
DEBUG (0): 3 1 2189684 22356 
DEBUG (0): 2 0 2192939 22359 
DEBUG (0): 1 0 2193706 22761 
DEBUG (0): 3 1 2346931 37983 
DEBUG (0): 2 0 2349208 38311 
DEBUG (0): 1 0 2349976 37985 
DEBUG (0): 3 1 2502215 53610 
DEBUG (0): 2 0 2505484 53612 
DEBUG (0): 1 0 2506248 54015 
DEBUG (0): 2 0 2661757 4030 
DEBUG (0): 1 0 2662510 4106 
DEBUG (0): 3 1 2815245 19327 
DEBUG (0): 2 0 2818026 19380 
DEBUG (0): 1 0 2818783 19732 
DEBUG (0): 3 1 2972013 35003 
DEBUG (0): 2 0 2974298 35056 
DEBUG (0): 3 1 3128267 50679 
DEBUG (0): 1 0 3131326 50987 
DEBUG (0): 3 1 3286036 771 
DEBUG (0): 2 0 3286833 1001 
DEBUG (0): 1 0 3288090 773 
DEBUG (0): 3 1 3440818 16398 
DEBUG (0): 1 0 3444348 16754 
DEBUG (0): 3 1 3597101 32025 
DEBUG (0): 2 0 3600369 32305 
DEBUG (0): 1 0 3600625 32028 
DEBUG (0): 3 1 3753355 47651 
DEBUG (0): 1 0 3756892 47654 
DEBUG (0): 3 1 3909617 63278 
DEBUG (0): 2 0 3912902 63608 
DEBUG (0): 1 0 3913162 63280 
DEBUG (0): 2 0 4069169 13699 
DEBUG (0): 1 0 4069430 13725 
DEBUG (0): 3 1 4224123 28995 
DEBUG (0): 2 0 4225438 29326 
DEBUG (0): 3 1 4378914 44622 
DEBUG (0): 2 0 4381702 44625 
DEBUG (0): 1 0 4538234 60606 
DEBUG (0): 3 1 4690952 10340 
DEBUG (0): 3 1 4691469 10340 
DEBUG (0): 1 0 4694498 10343 
DEBUG (0): 2 0 4694738 10342 
DEBUG (0): 3 1 4847238 25967 
DEBUG (0): 2 0 4851001 26347 
DEBUG (0): 1 0 5007016 41949 
DEBUG (0): 2 0 5008262 41974 
DEBUG (0): 3 1 5160261 57271 
DEBUG (0): 1 0 5163277 57273 
DEBUG (0): 2 0 5164532 57700 
DEBUG (0): 1 0 5319540 7665 
DEBUG (0): 2 0 5320797 7790 
DEBUG (0): 1 0 5475804 22990 
DEBUG (0): 2 0 5477566 23417 
DEBUG (0): 3 1 5629072 38615 
DEBUG (0): 1 0 5632066 38617 
DEBUG (0): 2 0 5633836 39094 
DEBUG (0): 3 1 5785345 54242 
DEBUG (0): 2 0 5790109 54244 
DEBUG (0): 3 1 5942105 4332 
DEBUG (0): 1 0 5945589 4635 
DEBUG (0): 2 0 5946380 4335 
DEBUG (0): 3 1 6097871 19959 
DEBUG (0): 1 0 6101860 19962 
DEBUG (0): 2 0 6103150 20440 
DEBUG (0): 3 1 6254639 35586 
DEBUG (0): 1 0 6258621 35987 
DEBUG (0): 2 0 6259420 35639 
DEBUG (0): 1 0 6414879 51663 
DEBUG (0): 2 0 6415689 51743 
DEBUG (0): 1 0 6571141 1753 
DEBUG (0): 2 0 6571954 1834 
DEBUG (0): 2 0 6728215 16982 
DEBUG (0): 1 0 6728406 17379 
DEBUG (0): 2 0 6884492 32658 
DEBUG (0): 1 0 6884679 33106 
DEBUG (0): 3 1 7036471 48283 
DEBUG (0): 2 0 7040757 48285 
DEBUG (0): 1 0 7040946 48733 
DEBUG (0): 2 0 7197021 64341 
DEBUG (0): 3 1 7349507 14000 
DEBUG (0): 3 1 7349512 14000 
DEBUG (0): 2 0 7353293 14054 
DEBUG (0): 1 0 7353979 14053 
DEBUG (0): 3 1 7505763 29677 
DEBUG (0): 2 0 7509557 30058 
DEBUG (0): 1 0 7510244 29679 
DEBUG (0): 2 0 7665821 45305 
DEBUG (0): 1 0 7666501 45753 
DEBUG (0): 3 1 7818300 60930 
DEBUG (0): 2 0 7822096 61311 
DEBUG (0): 1 0 7822775 60932 
DEBUG (0): 3 1 7974562 11020 
DEBUG (0): 2 0 7978364 11022 
DEBUG (0): 1 0 7979047 11471 
DEBUG (0): 3 1 8130829 26647 
DEBUG (0): 2 0 8134634 27030 
DEBUG (0): 1 0 8135323 26650 
DEBUG (0): 3 1 8287095 42273 
DEBUG (0): 3 1 8288085 42273 
DEBUG (0): 2 0 8290903 42277 
DEBUG (0): 1 0 8291598 42276 
DEBUG (0): 3 1 8443386 57901 
DEBUG (0): 2 0 8447174 57904 
DEBUG (0): 1 0 8447872 57904 
DEBUG (0): 3 1 8599643 7992 
DEBUG (0): 3 1 8600639 7992 
DEBUG (0): 2 0 8603437 7995 
DEBUG (0): 1 0 8604138 7994 
DEBUG (0): 3 1 8755914 23619 
DEBUG (0): 2 0 8759701 24000 
DEBUG (0): 3 1 8912190 39246 
DEBUG (0): 2 0 8915962 39627 
DEBUG (0): 1 0 8916678 39249 
DEBUG (0): 3 1 9068439 54872 
DEBUG (0): 2 0 9072724 54875 
DEBUG (0): 1 0 9072942 55325 
DEBUG (0): 2 0 9228992 5394 
DEBUG (0): 1 0 9229219 4965 
DEBUG (0): 3 1 9381979 20590 
DEBUG (0): 2 0 9385254 21020 
DEBUG (0): 1 0 9385483 20593 
DEBUG (0): 3 1 9537243 36217 
DEBUG (0): 2 0 9541527 36647 
DEBUG (0): 1 0 9541759 36219 
DEBUG (0): 3 1 9693513 51843 
DEBUG (0): 1 0 9698027 52297 
DEBUG (0): 2 0 9698290 51845 
DEBUG (0): 1 0 9854300 2388 
DEBUG (0): 2 0 9854556 2414 
DEBUG (0): 2 0 10010823 17563 
DEBUG (0): 1 0 10011071 18015 
DEBUG (0): 3 1 10162321 33187 
DEBUG (0): 2 0 10167091 33191 
DEBUG (0): 1 0 10167344 33693 
DEBUG (0): 3 1 10318596 48815 
DEBUG (0): 2 0 10323369 48818 
DEBUG (0): 1 0 10323615 49320 
DEBUG (0): 3 1 10474856 64441 
DEBUG (0): 1 0 10479880 64946 
DEBUG (0): 2 0 10480134 64444 
DEBUG (0): 3 1 10631613 14533 
DEBUG (0): 3 1 10632106 14533 
DEBUG (0): 1 0 10636157 14584 
DEBUG (0): 2 0 10636401 14584 
DEBUG (0): 3 1 10788387 30208 
DEBUG (0): 1 0 10792429 30261 
DEBUG (0): 2 0 10792666 30689 
DEBUG (0): 3 1 10944647 45885 
DEBUG (0): 2 0 10948930 46315 
DEBUG (0): 1 0 10949188 45887 
DEBUG (0): 3 1 11100901 61511 
DEBUG (0): 2 0 11105203 61942 
DEBUG (0): 1 0 11105462 61513 
DEBUG (0): 3 1 11257173 11602 
DEBUG (0): 2 0 11261470 11603 
DEBUG (0): 1 0 11262229 12060 
DEBUG (0): 3 1 11413442 27228 
DEBUG (0): 2 0 11418226 27231 
DEBUG (0): 1 0 11418489 27736 
DEBUG (0): 3 1 11570201 42855 
DEBUG (0): 3 1 11570710 42855 
DEBUG (0): 2 0 11574486 42907 
DEBUG (0): 1 0 11574763 42906 
DEBUG (0): 2 0 11730748 58961 
DEBUG (0): 1 0 11731035 58989 
DEBUG (0): 3 1 11882725 8621 
DEBUG (0): 2 0 11887017 9052 
DEBUG (0): 1 0 11887300 8623 
DEBUG (0): 3 1 12038985 24247 
DEBUG (0): 2 0 12043294 24249 
DEBUG (0): 1 0 12043568 24707 
DEBUG (0): 3 1 12195254 39873 
DEBUG (0): 2 0 12199553 39876 
DEBUG (0): 1 0 12199832 40334 
DEBUG (0): 3 1 12351524 55500 
DEBUG (0): 2 0 12355833 55933 
DEBUG (0): 3 1 12508288 5591 
DEBUG (0): 2 0 12512102 6024 
DEBUG (0): 1 0 12513360 5593 
DEBUG (0): 3 1 12664057 21218 
DEBUG (0): 2 0 12668376 21220 
DEBUG (0): 1 0 12669619 21777 
DEBUG (0): 2 0 12825635 37279 
DEBUG (0): 1 0 12827373 37403 
DEBUG (0): 3 1 12977108 52472 
DEBUG (0): 2 0 12981908 52525 
DEBUG (0): 1 0 12983638 53178 
DEBUG (0): 3 1 13133386 2614 
DEBUG (0): 1 0 13139907 3269 
DEBUG (0): 3 1 13289663 18241 
DEBUG (0): 1 0 13296671 18896 
DEBUG (0): 3 1 13446415 33869 
DEBUG (0): 2 0 13450704 33920 
DEBUG (0): 1 0 13452944 34572 
DEBUG (0): 3 1 13602686 49544 
DEBUG (0): 2 0 13606976 49547 
DEBUG (0): 1 0 13609214 50200 
DEBUG (0): 3 1 13758946 65172 
DEBUG (0): 2 0 13763244 65174 
DEBUG (0): 1 0 13765481 291 
DEBUG (0): 2 0 13919506 15693 
DEBUG (0): 1 0 13922739 15917 
DEBUG (0): 3 1 14071984 30938 
DEBUG (0): 2 0 14075781 30941 
DEBUG (0): 1 0 14080000 31643 
DEBUG (0): 3 1 14228247 46565 
DEBUG (0): 1 0 14236273 47369 
DEBUG (0): 3 1 14384513 62192 
DEBUG (0): 2 0 14388325 62194 
DEBUG (0): 1 0 14393544 62997 
DEBUG (0): 3 1 14540783 12283 
DEBUG (0): 2 0 14544596 12285 
DEBUG (0): 3 1 14698045 27909 
DEBUG (0): 1 0 14706580 28814 
DEBUG (0): 3 1 14855297 43635 
DEBUG (0): 2 0 14857634 43687 
DEBUG (0): 1 0 14863338 44491 
DEBUG (0): 3 1 15011586 59312 
DEBUG (0): 2 0 15170185 9456 
DEBUG (0): 1 0 15176373 10307 
DEBUG (0): 3 1 15324133 25081 
DEBUG (0): 2 0 15327446 25084 
DEBUG (0): 1 0 15332642 25935 
DEBUG (0): 3 1 15480400 40707 
DEBUG (0): 2 0 15483707 40710 
DEBUG (0): 1 0 15488917 41562 
DEBUG (0): 3 1 15637647 56333 
DEBUG (0): 2 0 15639969 56435 
DEBUG (0): 1 0 15645183 57189 
DEBUG (0): 3 1 15795395 6522 
DEBUG (0): 2 0 15796730 6525 
DEBUG (0): 1 0 15801449 7279 
DEBUG (0): 3 1 15950181 22149 
DEBUG (0): 2 0 15952999 22153 
DEBUG (0): 1 0 15957713 22906 
DEBUG (0): 3 1 16107445 37776 
DEBUG (0): 2 0 16110256 37878 
DEBUG (0): 1 0 16114483 38532 
DEBUG (0): 2 0 16266527 53504 
DEBUG (0): 1 0 16270747 54209 
DEBUG (0): 3 1 16420456 3592 
DEBUG (0): 2 0 16422795 3644 
DEBUG (0): 1 0 16427503 4300 
DEBUG (0): 2 0 16580560 19505 
DEBUG (0): 1 0 16583772 19975 
DEBUG (0): 3 1 16733999 34896 
DEBUG (0): 1 0 16740040 35602 
DEBUG (0): 3 1 16889769 50573 
DEBUG (0): 2 0 16893092 50576 
DEBUG (0): 1 0 16896309 51229 
DEBUG (0): 3 1 17046047 664 
DEBUG (0): 2 0 17049360 667 
DEBUG (0): 1 0 17053074 1320 
DEBUG (0): 3 1 17202812 16291 
DEBUG (0): 2 0 17206127 16344 
DEBUG (0): 1 0 17209343 16996 
DEBUG (0): 3 1 17359575 31968 
DEBUG (0): 2 0 17362896 32019 
DEBUG (0): 1 0 17365600 32623 
DEBUG (0): 3 1 17516329 47645 
DEBUG (0): 2 0 17519170 47696 
DEBUG (0): 1 0 17521871 48249 
DEBUG (0): 3 1 17673102 63320 
DEBUG (0): 2 0 17675436 63323 
DEBUG (0): 1 0 17678636 63876 
DEBUG (0): 3 1 17828876 13411 
DEBUG (0): 2 0 17832191 13414 
DEBUG (0): 1 0 17834904 14017 
DEBUG (0): 2 0 17989446 29040 
DEBUG (0): 3 1 18141401 44664 
DEBUG (0): 2 0 18145711 44666 
DEBUG (0): 1 0 18147437 45270 
DEBUG (0): 2 0 18301975 60724 
DEBUG (0): 1 0 18304198 60897 
DEBUG (0): 3 1 18453937 10382 
DEBUG (0): 2 0 18458243 10384 
DEBUG (0): 1 0 18461463 11037 
DEBUG (0): 3 1 18610210 26009 
DEBUG (0): 2 0 18614516 26011 
DEBUG (0): 1 0 18618718 26763 
DEBUG (0): 2 0 18770779 41737 
DEBUG (0): 1 0 18774980 42489 
DEBUG (0): 3 1 18923742 57361 
DEBUG (0): 2 0 18927049 57364 
DEBUG (0): 1 0 18931245 58115 
DEBUG (0): 3 1 19080503 7452 
DEBUG (0): 2 0 19083313 7505 
DEBUG (0): 1 0 19087513 8205 
DEBUG (0): 3 1 19236760 23129 
DEBUG (0): 2 0 19239585 23130 
DEBUG (0): 1 0 19243785 23832 
DEBUG (0): 3 1 19393511 38754 
DEBUG (0): 1 0 19400050 39460 
DEBUG (0): 3 1 19549297 54381 
DEBUG (0): 2 0 19552131 54383 
DEBUG (0): 1 0 19556322 55086 
DEBUG (0): 2 0 19709389 4475 
DEBUG (0): 3 1 19861834 20099 
DEBUG (0): 2 0 19865647 20101 
DEBUG (0): 3 1 20018081 35724 
DEBUG (0): 2 0 20021921 35727 
DEBUG (0): 1 0 20026118 36530 
DEBUG (0): 3 1 20174358 51351 
DEBUG (0): 2 0 20178181 51353 
DEBUG (0): 1 0 20182383 52157 
DEBUG (0): 3 1 20330609 1441 
DEBUG (0): 2 0 20334441 1443 
DEBUG (0): 1 0 20338655 2248 
DEBUG (0): 3 1 20486885 17068 
DEBUG (0): 2 0 20490710 17070 
DEBUG (0): 1 0 20495421 17875 
DEBUG (0): 2 0 20646974 33080 
DEBUG (0): 1 0 20651688 33551 
DEBUG (0): 3 1 20800420 48372 
DEBUG (0): 2 0 20803241 48375 
DEBUG (0): 1 0 20807952 49178 
DEBUG (0): 1 0 20964230 64805 
DEBUG (0): 3 1 21112959 14089 
DEBUG (0): 2 0 21115778 14093 
DEBUG (0): 2 0 21272052 29718 
DEBUG (0): 1 0 21276768 30523 
DEBUG (0): 3 1 21425477 45343 
DEBUG (0): 2 0 21428817 45345 
DEBUG (0): 1 0 21433037 46150 
DEBUG (0): 3 1 21581267 60971 
DEBUG (0): 2 0 21585090 60973 
DEBUG (0): 3 1 21738030 11062 
DEBUG (0): 1 0 21745576 11868 
DEBUG (0): 2 0 21897622 27073 
DEBUG (0): 1 0 21901853 27495 
DEBUG (0): 3 1 22050568 42314 
DEBUG (0): 2 0 22053894 42367 
DEBUG (0): 1 0 22058125 43123 
DEBUG (0): 3 1 22206832 57991 
DEBUG (0): 2 0 22210662 57994 
DEBUG (0): 1 0 22214389 58750 
DEBUG (0): 3 1 22363588 8081 
DEBUG (0): 1 0 22370665 8840 
DEBUG (0): 1 0 22526930 24468 
DEBUG (0): 3 1 22675616 39334 
DEBUG (0): 2 0 22679966 39336 
DEBUG (0): 1 0 22683192 40094 
DEBUG (0): 3 1 22833381 54961 
DEBUG (0): 2 0 22836233 55062 
DEBUG (0): 1 0 22839466 55720 
DEBUG (0): 3 1 22990128 5150 
DEBUG (0): 2 0 22993493 5251 
DEBUG (0): 1 0 22995740 5812 
DEBUG (0): 2 0 23149754 21214 
DEBUG (0): 1 0 23152015 21440 
DEBUG (0): 3 1 23303172 36503 
DEBUG (0): 2 0 23306019 36506 
DEBUG (0): 1 0 23308783 37067 
DEBUG (0): 3 1 23460416 52131 
DEBUG (0): 2 0 23462297 52231 
DEBUG (0): 1 0 23465055 52743 
DEBUG (0): 2 0 23618564 2323 
DEBUG (0): 1 0 23621329 2835 
DEBUG (0): 3 1 23772447 17946 
DEBUG (0): 2 0 23774835 17947 
DEBUG (0): 1 0 23777594 18462 
DEBUG (0): 2 0 23931113 33573 
DEBUG (0): 1 0 23933858 34088 
DEBUG (0): 3 1 24084980 49199 
DEBUG (0): 2 0 24087382 49201 
DEBUG (0): 1 0 24090118 49714 
DEBUG (0): 3 1 24241263 64826 
DEBUG (0): 1 0 24246388 65341 
DEBUG (0): 3 1 24397517 14917 
DEBUG (0): 1 0 24402660 15432 
DEBUG (0): 3 1 24553795 30543 
DEBUG (0): 2 0 24557172 30546 
DEBUG (0): 1 0 24558937 31059 
DEBUG (0): 3 1 24710061 46170 
DEBUG (0): 2 0 24713438 46172 
DEBUG (0): 1 0 24715205 46687 
DEBUG (0): 3 1 24866328 61797 
DEBUG (0): 2 0 24869703 61799 
DEBUG (0): 1 0 24871477 62314 
DEBUG (0): 2 0 25026476 12227 
DEBUG (0): 1 0 25027743 12405 
DEBUG (0): 3 1 25178869 27514 
DEBUG (0): 2 0 25183242 27518 
DEBUG (0): 3 1 25335133 43141 
DEBUG (0): 2 0 25339511 43144 
DEBUG (0): 1 0 25340292 43659 
DEBUG (0): 3 1 25491401 58768 
DEBUG (0): 2 0 25495778 58770 
DEBUG (0): 1 0 25496565 59287 
DEBUG (0): 3 1 25647673 8859 
DEBUG (0): 2 0 25652045 8862 
DEBUG (0): 1 0 25652831 9377 
DEBUG (0): 1 0 25809601 25004 
DEBUG (0): 2 0 25964596 40554 
DEBUG (0): 1 0 25965864 40681 
DEBUG (0): 3 1 26117974 55741 
DEBUG (0): 2 0 26120871 55842 
DEBUG (0): 1 0 26122130 56308 
DEBUG (0): 3 1 26274241 5930 
DEBUG (0): 2 0 26277132 6272 
DEBUG (0): 1 0 26278899 5932 
DEBUG (0): 2 0 26433398 21898 
DEBUG (0): 1 0 26435164 22075 
DEBUG (0): 3 1 26586280 37183 
DEBUG (0): 2 0 26589669 37186 
DEBUG (0): 1 0 26591937 37702 
DEBUG (0): 2 0 26746431 52812 
DEBUG (0): 1 0 26748705 53379 
DEBUG (0): 2 0 26902701 2953 
DEBUG (0): 1 0 26904966 3519 
