DEBUG (16): 174046   174026   2    1
DEBUG (45): 184431   183907   2    2
DEBUG (45): 184703   0   2    2
DEBUG (5): 193391   193369   2    1
DEBUG (77): 201708   201622   2    1
DEBUG (3): 202387   202367   2    1
DEBUG (52): 203136   202617   2    2
DEBUG (64): 206861   202290   2    10
DEBUG (120): 211205   211192   2    1
DEBUG (91): 211371   211345   2    1
DEBUG (111): 211372   211359   2    1
DEBUG (116): 211808   211789   2    1
DEBUG (97): 212029   211506   2    2
DEBUG (99): 212043   212028   2    1
DEBUG (22): 212182   212165   2    1
DEBUG (69): 212263   211749   2    2
DEBUG (41): 212320   212305   2    1
DEBUG (112): 212485   212035   2    2
DEBUG (61): 221084   221062   2    1
DEBUG (28): 221628   221610   2    1
DEBUG (55): 221732   221202   2    2
DEBUG (76): 222560   221023   2    4
DEBUG (150): 225166   221087   2    9
DEBUG (117): 229784   229760   2    1
DEBUG (134): 230516   230491   2    1
DEBUG (86): 230583   230563   2    1
DEBUG (172): 233077   230527   2    6
DEBUG (57): 234023   230975   2    7
DEBUG (170): 235258   230194   2    11
DEBUG (214): 239338   239321   2    1
DEBUG (218): 239644   239624   2    1
DEBUG (153): 239856   239330   2    2
DEBUG (157): 240150   239629   2    2
DEBUG (149): 240191   239659   2    2
DEBUG (188): 240847   239813   2    3
DEBUG (58): 241948   240423   2    4
DEBUG (184): 248574   248559   2    1
DEBUG (193): 248960   248941   2    1
DEBUG (194): 248974   239716   2    2
DEBUG (197): 251079   248537   2    6
DEBUG (7): 252084   229809   2    45
DEBUG (209): 257637   249513   2    17
DEBUG (74): 258139   258119   2    1
DEBUG (144): 258382   258362   2    1
DEBUG (223): 258540   258138   2    2
DEBUG (89): 260216   259178   2    3
DEBUG (8): 260385   220422   2    80
DEBUG (35): 260909   239913   2    3
DEBUG (1): 324571   324561   3    2
DEBUG (16): 334067   334048   3    2
DEBUG (45): 347261   344709   3    8
DEBUG (31): 354736   354728   3    5
DEBUG (38): 370172   364580   3    18
DEBUG (39): 371339   371320   3    2
DEBUG (111): 371911   371388   3    3
DEBUG (69): 372288   372265   3    3
DEBUG (112): 373016   371917   3    5
DEBUG (21): 374466   372207   3    8
DEBUG (151): 376468   225176   2    7
DEBUG (11): 377528   371447   3    14
DEBUG (200): 380908   380893   3    2
DEBUG (28): 381643   381632   3    2
DEBUG (68): 381894   381369   3    3
DEBUG (96): 382207   382185   3    4
DEBUG (76): 382585   382561   3    5
DEBUG (13): 382675   381652   3    17
DEBUG (14): 383718   374273   3    24
DEBUG (117): 389797   389779   3    2
DEBUG (117): 390001   0   3    2
DEBUG (114): 390348   390323   3    2
DEBUG (216): 391415   391393   3    3
DEBUG (164): 392746   390709   3    7
DEBUG (65): 394057   394042   3    9
DEBUG (100): 398018   392111   3    21
DEBUG (87): 399655   399623   3    2
DEBUG (218): 399659   399641   3    2
DEBUG (214): 399869   399339   3    3
DEBUG (153): 399877   399857   3    3
DEBUG (220): 400665   400647   3    2
DEBUG (157): 400684   400154   3    4
DEBUG (131): 403279   403263   3    9
DEBUG (182): 403697   399646   3    11
DEBUG (188): 404395   400845   3    11
DEBUG (207): 408357   408333   3    2
DEBUG (184): 408598   408580   3    2
DEBUG (194): 410001   408971   3    5
DEBUG (189): 410559   410535   3    4
DEBUG (191): 411084   410581   3    5
DEBUG (135): 416856   416830   3    18
DEBUG (144): 418414   418390   3    2
DEBUG (221): 420260   420233   3    4
DEBUG (143): 421988   222408   2    13
DEBUG (89): 422264   420213   3    8
DEBUG (1): 484598   484578   4    3
DEBUG (15): 491764   487186   4    18
DEBUG (45): 509305   507267   4    13
DEBUG (33): 514911   514390   4    6
DEBUG (33): 514929   0   4    6
DEBUG (31): 515271   514743   4    7
DEBUG (77): 521743   521722   4    3
DEBUG (120): 531234   531224   4    3
DEBUG (39): 531366   531341   4    3
DEBUG (91): 531397   531380   4    3
DEBUG (99): 532090   532068   4    3
DEBUG (6): 532195   532173   4    4
DEBUG (69): 532316   532292   4    4
DEBUG (41): 532354   532338   4    3
DEBUG (112): 533034   533011   4    6
DEBUG (97): 536488   536470   4    4
DEBUG (83): 536667   536647   4    11
DEBUG (94): 540768   540747   4    4
DEBUG (36): 541053   534954   4    21
DEBUG (28): 541665   541646   4    3
DEBUG (68): 541909   541896   4    4
DEBUG (145): 542037   541015   4    5
DEBUG (76): 542615   542588   4    6
DEBUG (96): 542733   542202   4    6
DEBUG (139): 542931   541901   4    8
DEBUG (167): 543209   543195   4    7
DEBUG (113): 545503   544978   4    10
DEBUG (150): 549763   549233   4    20
DEBUG (117): 550011   549997   4    3
DEBUG (148): 550142   550119   4    3
DEBUG (216): 552439   551413   4    6
DEBUG (154): 552623   552604   4    8
DEBUG (37): 553881   553867   4    8
DEBUG (80): 559424   559403   4    3
DEBUG (64): 559428   533976   4    33
DEBUG (87): 559663   559646   4    3
DEBUG (153): 559882   559874   4    4
DEBUG (214): 560396   559865   4    5
DEBUG (157): 560698   560682   4    5
DEBUG (48): 561282   559432   4    9
DEBUG (198): 561436   220366   2    25
DEBUG (149): 562213   562193   4    7
DEBUG (131): 563301   563282   4    10
DEBUG (207): 568366   568354   4    3
DEBUG (184): 568622   568600   4    3
DEBUG (193): 568994   568976   4    3
DEBUG (178): 570526   230076   2    6
DEBUG (189): 570586   570560   4    5
DEBUG (135): 577383   576856   4    20
DEBUG (144): 578440   578410   4    3
DEBUG (221): 580266   580252   4    5
DEBUG (197): 581759   581746   4    29
DEBUG (89): 587342   582265   4    19
DEBUG (31): 676314   675269   5    10
DEBUG (77): 682269   681747   5    5
DEBUG (91): 691408   691389   5    4
DEBUG (120): 691759   691235   5    5
DEBUG (6): 692212   692193   5    5
DEBUG (116): 692361   692343   5    5
DEBUG (39): 692914   691364   5    7
DEBUG (99): 694124   692081   5    8
DEBUG (112): 697043   697028   5    9
DEBUG (83): 697197   696665   5    13
DEBUG (11): 697573   697557   5    16
DEBUG (60): 698813   691717   5    37
DEBUG (94): 701299   700769   5    6
DEBUG (28): 701688   701663   5    4
DEBUG (96): 702744   702725   5    7
DEBUG (145): 703567   702043   5    9
DEBUG (61): 703665   698824   5    9
DEBUG (76): 704131   702612   5    10
DEBUG (13): 704223   701699   5    26
DEBUG (55): 704318   702783   5    10
DEBUG (108): 704321   704304   5    11
DEBUG (109): 704342   531517   4    4
DEBUG (150): 709780   709761   5    21
DEBUG (14): 709847   708313   5    38
DEBUG (117): 710025   710018   5    4
DEBUG (148): 710161   710138   5    4
DEBUG (114): 712428   710376   5    8
DEBUG (216): 712461   712444   5    7
DEBUG (216): 712471   0   5    7
DEBUG (162): 714795   714278   5    11
DEBUG (65): 717136   714079   5    17
DEBUG (80): 719443   719424   5    4
DEBUG (87): 719687   719667   5    4
DEBUG (170): 719874   717319   5    23
DEBUG (153): 719910   719888   5    5
DEBUG (157): 720712   720698   5    6
DEBUG (214): 720923   720392   5    7
DEBUG (62): 722010   719960   4    14
DEBUG (149): 723243   722213   5    10
DEBUG (207): 728392   728374   5    4
DEBUG (175): 728436   399741   3    2
DEBUG (194): 730070   730052   5    8
DEBUG (189): 731106   730581   5    7
DEBUG (191): 732176   728400   5    10
DEBUG (10): 735432   733395   3    13
DEBUG (135): 737393   737381   5    21
DEBUG (223): 738597   738581   5    5
DEBUG (221): 740802   740273   5    7
DEBUG (197): 742281   741755   5    31
DEBUG (89): 747877   747345   5    21
DEBUG (74): 753344   752870   5    33
DEBUG (1): 804640   804615   6    5
DEBUG (33): 834964   834947   6    8
DEBUG (31): 836505   836316   6    11
DEBUG (5): 839794   839517   6    17
DEBUG (77): 842291   842274   6    6
DEBUG (3): 843077   843066   6    6
DEBUG (125): 849538   848500   6    19
DEBUG (91): 851435   851412   6    5
DEBUG (41): 852394   852383   6    5
DEBUG (6): 852740   852216   6    7
DEBUG (22): 852774   852750   6    6
DEBUG (69): 852864   852334   6    7
DEBUG (39): 853424   852905   6    9
DEBUG (99): 855652   854124   6    12
DEBUG (112): 859593   852096   6    16
DEBUG (28): 861710   861688   6    5
DEBUG (68): 861941   861930   6    6
DEBUG (96): 863778   862744   6    10
DEBUG (156): 863867   863343   6    11
DEBUG (200): 864019   863998   6    11
DEBUG (13): 864756   861719   6    33
DEBUG (55): 864848   864315   6    12
DEBUG (109): 864874   864343   5    6
DEBUG (145): 865593   863566   6    14
DEBUG (95): 869440   371387   3    18
DEBUG (95): 869446   0   3    18
DEBUG (109): 869446   0   5    6
DEBUG (117): 870059   870045   6    5
DEBUG (148): 870175   870160   6    5
DEBUG (148): 870188   0   6    5
DEBUG (147): 870588   239532   2    2
DEBUG (150): 871317   869782   6    25
DEBUG (14): 873412   869846   6    46
DEBUG (57): 874098   874082   6    11
DEBUG (82): 875104   872546   6    31
DEBUG (162): 876331   874795   6    15
DEBUG (216): 877903   876875   6    11
DEBUG (80): 879462   879439   6    5
DEBUG (63): 880462   879420   6    26
DEBUG (65): 881204   877133   6    26
DEBUG (64): 881501   719954   5    38
DEBUG (220): 882767   881737   6    9
DEBUG (131): 883844   883825   6    13
DEBUG (50): 883892   881341   6    49
DEBUG (218): 884263   883744   6    14
DEBUG (184): 888675   888650   6    5
DEBUG (193): 889027   889007   6    5
DEBUG (188): 889996   888960   6    24
DEBUG (189): 891125   891106   6    8
DEBUG (175): 892208   892185   4    4
DEBUG (27): 892407   892386   6    31
DEBUG (135): 897409   897395   6    22
DEBUG (197): 902286   902273   6    32
DEBUG (89): 907884   907871   6    22
DEBUG (104): 912001   907888   5    69
DEBUG (1): 964663   964635   7    6
DEBUG (33): 994991   994969   7    9
DEBUG (16): 996040   996020   7    7
DEBUG (31): 997522   996501   7    14
DEBUG (91): 1011461   1011432   7    6
DEBUG (120): 1011787   1011773   7    7
DEBUG (116): 1012393   1012378   7    7
DEBUG (41): 1012414   1012398   7    6
DEBUG (6): 1012754   1012740   7    8
DEBUG (69): 1012873   1012859   7    8
DEBUG (99): 1015667   1015650   7    13
DEBUG (97): 1016720   1016698   7    7
DEBUG (11): 1018612   1018086   7    20
DEBUG (28): 1021720   1021703   7    6
DEBUG (94): 1022352   1021832   7    10
DEBUG (13): 1025274   1021727   7    41
DEBUG (109): 1029466   1029448   6    7
DEBUG (96): 1029967   1027942   7    15
DEBUG (117): 1030081   1030060   7    6
DEBUG (148): 1031111   1030181   7    7
DEBUG (147): 1031126   1030586   3    4
DEBUG (137): 1031484   1030967   7    26
DEBUG (57): 1034120   1034106   7    12
DEBUG (154): 1034707   1034695   7    15
DEBUG (86): 1035155   1034117   5    13
DEBUG (14): 1036978   1033413   7    54
DEBUG (114): 1038538   1034983   7    22
DEBUG (70): 1040213   1039677   6    18
DEBUG (63): 1040480   1040457   7    27
DEBUG (170): 1040919   1039893   7    27
DEBUG (214): 1040959   1040936   7    9
DEBUG (198): 1042001   1041474   5    29
DEBUG (220): 1042783   1042769   7    10
DEBUG (131): 1043854   1043836   7    14
DEBUG (166): 1045524   1042974   7    34
DEBUG (207): 1048928   1048907   7    7
DEBUG (193): 1049054   1048940   7    7
DEBUG (188): 1050017   1049999   7    25
DEBUG (189): 1051139   1051119   7    9
DEBUG (135): 1057424   1057411   7    23
DEBUG (122): 1057866   1055314   7    23
DEBUG (178): 1059702   1058677   5    27
DEBUG (197): 1062304   1062284   7    33
DEBUG (182): 1062333   902294   6    35
DEBUG (164): 1067329   552748   4    27
DEBUG (89): 1067903   1067879   7    23
DEBUG (187): 1070899   1070884   7    67
DEBUG (74): 1089599   1085529   7    67
DEBUG (219): 1091068   1091050   5    27
DEBUG (46): 1157081   1157061   4    88
DEBUG (31): 1157549   1157529   8    15
DEBUG (77): 1162831   1162311   8    9
DEBUG (91): 1171983   1171462   8    8
DEBUG (41): 1172437   1172413   8    7
DEBUG (22): 1172821   1172801   8    8
DEBUG (116): 1172910   1172395   8    9
DEBUG (6): 1173288   1172753   8    10
DEBUG (39): 1173467   1173445   8    11
DEBUG (21): 1174453   1172828   6    92
DEBUG (99): 1176190   1175667   8    15
DEBUG (112): 1181156   1179612   8    22
DEBUG (28): 1181738   1181724   8    7
DEBUG (200): 1184560   1184539   8    14
DEBUG (109): 1189487   1184893   7    9
DEBUG (117): 1190095   1190080   8    7
DEBUG (147): 1191650   1191128   4    6
DEBUG (86): 1195180   1195155   6    14
DEBUG (100): 1197243   1195182   7    44
DEBUG (95): 1197583   1189990   5    36
DEBUG (216): 1198734   1198431   8    14
DEBUG (214): 1201185   1200951   8    10
DEBUG (214): 1201298   0   8    10
DEBUG (87): 1202068   1202056   8    7
DEBUG (131): 1203871   1203851   8    15
DEBUG (212): 1206373   1205844   7    317
DEBUG (184): 1208717   1208695   8    7
DEBUG (207): 1209093   1208929   8    8
DEBUG (189): 1211457   1211144   8    10
DEBUG (191): 1213772   1213247   8    18
DEBUG (49): 1216540   1208441   8    39
DEBUG (135): 1217447   1217429   8    24
DEBUG (175): 1219748   1219726   6    8
DEBUG (122): 1220916   1217865   8    30
DEBUG (174): 1221269   1218778   4    24
DEBUG (197): 1222823   1222306   8    35
DEBUG (36): 1228749   1223160   8    119
DEBUG (221): 1231289   1224155   8    30
DEBUG (89): 1231980   1227906   8    32
DEBUG (141): 1233992   864386   3    55
DEBUG (43): 1237025   1215746   6    75
DEBUG (1): 1284695   1284677   9    8
DEBUG (31): 1317570   1317546   9    16
DEBUG (16): 1318142   1315031   9    13
DEBUG (77): 1322847   1322831   9    10
DEBUG (5): 1322896   1319832   9    26
DEBUG (120): 1331829   1331808   9    9
DEBUG (91): 1332352   1331977   9    9
DEBUG (69): 1332927   1332900   9    10
DEBUG (116): 1332931   1332912   9    10
DEBUG (22): 1333351   1332825   9    10
DEBUG (39): 1333491   1333470   9    12
DEBUG (111): 1335196   1334660   9    15
DEBUG (99): 1336711   1336186   9    17
DEBUG (83): 1337286   1337269   9    17
DEBUG (97): 1337750   1337225   9    10
DEBUG (112): 1341679   1337760   9    26
DEBUG (68): 1344541   1344525   9    14
DEBUG (109): 1349493   1349481   8    10
DEBUG (117): 1350110   1350091   9    8
DEBUG (148): 1351141   1351132   9    9
DEBUG (150): 1351366   1351353   9    28
DEBUG (147): 1351666   1351653   5    7
DEBUG (86): 1355197   1355180   7    15
DEBUG (154): 1355262   1354733   9    18
DEBUG (216): 1358756   1358731   9    15
DEBUG (114): 1359097   1359072   9    25
DEBUG (63): 1361028   1360503   9    30
DEBUG (70): 1361249   1361232   8    22
DEBUG (214): 1361722   1361298   9    11
DEBUG (157): 1363801   1363783   9    16
DEBUG (198): 1364778   1363742   7    36
DEBUG (145): 1365409   1363872   9    56
DEBUG (149): 1365431   1365413   9    18
DEBUG (184): 1368739   1368713   9    8
DEBUG (58): 1369677   1363584   9    26
DEBUG (194): 1370638   1370119   8    40
DEBUG (37): 1371185   1371155   9    47
DEBUG (64): 1373076   1363956   8    69
DEBUG (191): 1373791   1373770   9    19
DEBUG (84): 1375458   537706   4    90
DEBUG (106): 1380975   1380959   4    7
DEBUG (197): 1383352   1382829   9    37
DEBUG (24): 1388453   1387933   3    5
DEBUG (187): 1390941   1390924   9    69
DEBUG (141): 1394011   1393992   4    56
DEBUG (223): 1395961   0   9    43
DEBUG (223): 1396415   1396398   9    44
DEBUG (89): 1400090   1391978   9    49
DEBUG (35): 1400126   1398586   9    47
DEBUG (164): 1403566   1227332   5    38
DEBUG (43): 1413751   1397021   7    109
DEBUG (181): 1431711   1427130   5    96
DEBUG (33): 1475053   1475040   10    12
DEBUG (33): 1475066   0   10    12
DEBUG (46): 1477638   1477612   6    91
DEBUG (31): 1478098   1477568   10    18
DEBUG (45): 1479017   1479003   10    38
DEBUG (77): 1483370   1482845   10    12
DEBUG (7): 1489144   1441032   9    283
DEBUG (116): 1492951   1492925   10    11
DEBUG (22): 1493369   1493351   10    11
DEBUG (69): 1493464   1492923   10    11
DEBUG (39): 1493512   1493484   10    13
DEBUG (6): 1493815   1489146   10    14
DEBUG (41): 1494019   1493494   10    11
DEBUG (111): 1496733   1495196   10    19
DEBUG (99): 1497249   1496718   10    19
DEBUG (97): 1498274   1497749   10    12
DEBUG (2): 1507500   1506474   5    197
DEBUG (113): 1508397   1506348   9    33
DEBUG (16): 1509053   1477646   10    20
DEBUG (117): 1510132   1510114   10    9
DEBUG (117): 1510154   0   10    9
DEBUG (147): 1512198   1511673   6    8
DEBUG (96): 1513596   1510542   10    25
DEBUG (57): 1515173   1514150   10    17
DEBUG (154): 1515276   1515259   10    19
DEBUG (11): 1519440   1519425   10    64
DEBUG (202): 1519501   1518972   10    25
DEBUG (80): 1520547   1519528   10    11
DEBUG (109): 1520566   1509499   9    12
DEBUG (13): 1521489   1521076   10    84
DEBUG (216): 1521818   1518756   10    22
DEBUG (87): 1523123   1522594   10    11
DEBUG (157): 1523825   1523800   10    17
DEBUG (220): 1524365   1524343   10    16
DEBUG (131): 1524432   1524408   10    18
DEBUG (29): 1525337   1250400   8    138
DEBUG (184): 1528765   1528740   10    9
DEBUG (58): 1530204   1529673   10    28
DEBUG (37): 1531198   1531184   10    48
DEBUG (64): 1533093   1533078   9    70
DEBUG (166): 1533185   1529614   10    52
DEBUG (191): 1535323   1533786   10    23
DEBUG (218): 1536482   1534940   10    42
DEBUG (160): 1538814   1538791   4    9
DEBUG (106): 1540986   1540974   5    8
DEBUG (135): 1544568   1538484   10    40
DEBUG (201): 1547190   1539584   10    61
DEBUG (24): 1549215   1548453   4    7
DEBUG (221): 1552331   1551807   10    34
DEBUG (187): 1552975   1550937   10    74
DEBUG (141): 1554030   1554010   5    57
DEBUG (112): 1554053   1496736   10    32
DEBUG (171): 1557539   1552984   10    57
DEBUG (206): 1557621   1552338   9    50
DEBUG (1): 1604741   1604720   11    10
DEBUG (33): 1635086   1635067   11    13
DEBUG (31): 1638128   1638105   11    19
DEBUG (45): 1645105   1639018   11    51
DEBUG (91): 1652390   1652371   11    11
DEBUG (22): 1653390   1651458   11    13
DEBUG (39): 1653534   1653516   11    14
DEBUG (69): 1653993   1653463   11    13
DEBUG (41): 1654027   1654013   11    12
DEBUG (53): 1656011   1653466   7    17
DEBUG (99): 1657274   1657250   11    20
DEBUG (97): 1658818   1658291   11    14
DEBUG (83): 1659343   1658811   11    23
DEBUG (200): 1664621   1664598   11    17
DEBUG (108): 1664935   1664913   11    18
DEBUG (16): 1670082   1669051   11    23
DEBUG (148): 1671188   1671166   11    11
DEBUG (150): 1671922   1671383   11    31
DEBUG (117): 1672223   1670157   11    10
DEBUG (154): 1675290   1675273   11    20
DEBUG (109): 1680585   1680571   10    13
DEBUG (214): 1681764   1681749   11    13
DEBUG (11): 1681993   1679444   11    70
DEBUG (153): 1682547   1682525   11    16
DEBUG (87): 1683146   1683127   11    12
DEBUG (220): 1684386   1684364   11    17
DEBUG (131): 1684451   1684430   11    19
DEBUG (149): 1685465   1685446   11    20
DEBUG (29): 1685874   1685344   9    140
DEBUG (13): 1686068   1681487   11    93
DEBUG (198): 1686845   1686320   9    42
DEBUG (167): 1687103   1687086   11    61
DEBUG (184): 1689280   1688765   11    11
DEBUG (207): 1689644   1689622   11    12
DEBUG (193): 1690147   1690130   11    13
DEBUG (37): 1691221   1691202   11    49
DEBUG (64): 1693617   1693090   10    72
DEBUG (27): 1694556   1694528   11    40
DEBUG (191): 1695338   1695322   11    24
DEBUG (10): 1698072   1697554   9    24
DEBUG (160): 1698826   1698808   5    10
DEBUG (175): 1700872   1700848   9    13
DEBUG (197): 1703387   1703367   11    39
DEBUG (24): 1709227   1709218   5    8
DEBUG (24): 1709756   0   5    8
DEBUG (187): 1712993   1712974   11    75
DEBUG (221): 1713875   1712328   11    38
DEBUG (112): 1714076   1714059   11    33
DEBUG (223): 1716459   1716441   11    46
DEBUG (171): 1717555   1712995   11    59
DEBUG (206): 1719677   1713885   10    56
DEBUG (170): 1720122   1717559   11    43
DEBUG (89): 1728728   1727183   11    68
DEBUG (219): 1737230   1737212   9    43
DEBUG (1): 1765259   1764737   12    12
DEBUG (31): 1798659   1798125   12    21
DEBUG (7): 1809199   1809167   11    285
DEBUG (120): 1811886   1811869   12    12
DEBUG (91): 1812925   1812392   12    13
DEBUG (3): 1813307   1809255   12    32
DEBUG (6): 1813849   1809206   12    17
DEBUG (69): 1814014   1813989   12    14
DEBUG (22): 1815439   1813386   12    18
DEBUG (41): 1816076   1814031   12    17
DEBUG (83): 1823407   1819341   12    32
DEBUG (200): 1825137   1824612   12    19
DEBUG (108): 1825460   1824939   12    20
DEBUG (76): 1829357   1829333   12    27
DEBUG (16): 1830100   1830083   12    24
DEBUG (148): 1831207   1831186   12    12
DEBUG (150): 1831930   1831915   12    32
DEBUG (117): 1833252   1832223   12    13
DEBUG (117): 1833261   0   12    13
DEBUG (96): 1835153   1834119   12    30
DEBUG (109): 1840616   1840590   11    14
DEBUG (134): 1840865   1840340   12    30
DEBUG (214): 1841778   1841764   12    14
DEBUG (216): 1841856   1841843   12    24
DEBUG (153): 1842568   1842546   12    17
DEBUG (87): 1843154   1843140   12    13
DEBUG (126): 1844979   1842949   8    55
DEBUG (86): 1845884   1845865   10    39
DEBUG (29): 1845892   1845874   10    141
DEBUG (149): 1845933   1845458   12    21
DEBUG (167): 1847124   1847109   12    62
DEBUG (131): 1847555   1847037   12    22
DEBUG (198): 1847881   1846844   10    45
DEBUG (184): 1850336   1849276   12    12
DEBUG (44): 1852428   1847351   11    333
DEBUG (191): 1855366   1855339   12    25
DEBUG (10): 1858092   1858069   10    25
DEBUG (144): 1859353   1858832   12    12
DEBUG (175): 1860883   1860868   10    14
DEBUG (197): 1863911   1863389   12    41
DEBUG (11): 1866261   1841997   12    119
DEBUG (24): 1869779   1869757   6    9
DEBUG (36): 1873392   1873373   12    132
DEBUG (206): 1880717   1879682   11    59
DEBUG (170): 1881147   1880119   12    46
DEBUG (4): 1892289   1891265   12    169
DEBUG (1): 1925281   1925260   13    13
DEBUG (196): 1943164   1941119   12    178
DEBUG (7): 1969724   1969199   12    287
DEBUG (125): 1972707   1971674   13    32
DEBUG (91): 1972953   1972925   13    14
DEBUG (116): 1972988   1972976   13    14
DEBUG (69): 1974037   1974017   13    15
DEBUG (39): 1974068   1974050   13    17
DEBUG (111): 1977292   1977274   13    23
DEBUG (99): 1977312   1977294   13    22
DEBUG (53): 1977501   1976471   9    21
DEBUG (112): 1979882   1874071   12    36
DEBUG (108): 1985485   1985461   13    21
DEBUG (76): 1989373   1989356   13    28
DEBUG (77): 1989926   1989378   13    19
DEBUG (16): 1990132   1985408   13    26
DEBUG (148): 1991228   1991205   13    13
DEBUG (117): 1994297   1993255   13    16
DEBUG (117): 1994540   0   13    16
DEBUG (154): 1996170   1995641   13    23
DEBUG (109): 2000637   2000610   12    15
DEBUG (214): 2002294   2001774   13    16
DEBUG (153): 2002582   2002565   13    18
DEBUG (87): 2003184   2003161   13    14
DEBUG (220): 2005796   2005265   13    21
DEBUG (114): 2006466   2006440   13    43
DEBUG (131): 2008075   2007553   13    24
DEBUG (167): 2008155   2007129   13    65
DEBUG (184): 2010353   2010337   13    13
DEBUG (207): 2010709   2010685   13    16
DEBUG (194): 2010981   2010964   12    45
DEBUG (64): 2013666   2013643   12    74
DEBUG (191): 2015883   2010713   13    28
DEBUG (191): 2015887   0   13    28
DEBUG (160): 2019359   2018837   7    13
DEBUG (10): 2019637   2018086   11    29
DEBUG (175): 2020897   2020883   11    15
DEBUG (106): 2021040   2021030   8    11
DEBUG (24): 2029796   2029777   7    10
DEBUG (221): 2035935   2035405   13    44
DEBUG (223): 2036499   2036480   13    48
DEBUG (141): 2036624   2034593   8    65
DEBUG (171): 2039126   2037583   13    64
DEBUG (206): 2041759   2035944   12    66
DEBUG (89): 2053834   2053813   13    80
DEBUG (219): 2058784   2058262   11    48
DEBUG (62): 2084305   2082777   8    37
DEBUG (186): 2102779   2097198   13    234
DEBUG (74): 2104405   2077048   13    181
DEBUG (33): 2115718   2115634   14    17
DEBUG (196): 2116877   2103160   13    206
DEBUG (31): 2118705   2118691   14    23
DEBUG (7): 2130248   2129718   13    289
DEBUG (120): 2131927   2131905   14    14
DEBUG (91): 2132975   2132955   14    15
DEBUG (116): 2133014   2132995   14    15
DEBUG (125): 2133236   2132705   14    34
DEBUG (3): 2134354   2133824   14    36
DEBUG (39): 2134589   2134073   14    19
DEBUG (41): 2136107   2136097   14    19
DEBUG (53): 2137517   2137501   10    22
DEBUG (97): 2139374   2139353   14    18
DEBUG (99): 2139895   2139361   14    24
DEBUG (8): 2143063   2135953   13    332
DEBUG (16): 2150651   2150129   14    28
DEBUG (148): 2151247   2151235   14    14
DEBUG (147): 2153798   2153273   10    15
DEBUG (150): 2154489   2151944   14    39
DEBUG (117): 2154565   2154546   14    17
DEBUG (154): 2158221   2156169   14    28
DEBUG (109): 2160649   2160633   13    16
DEBUG (61): 2161876   2161851   11    29
DEBUG (153): 2163113   2162584   14    20
DEBUG (57): 2163349   2159803   14    37
DEBUG (214): 2163847   2162305   14    20
DEBUG (216): 2164415   2163893   14    31
DEBUG (202): 2165136   2164612   14    40
DEBUG (220): 2165809   2165795   14    22
DEBUG (29): 2165934   2165912   12    143
DEBUG (167): 2168178   2168157   14    66
DEBUG (63): 2168698   2164637   14    50
DEBUG (131): 2169097   2168069   14    27
DEBUG (162): 2169591   2169576   14    46
DEBUG (184): 2170378   2170359   14    14
DEBUG (199): 2170878   2170865   14    55
DEBUG (194): 2170998   2170711   13    47
DEBUG (207): 2171226   2170700   14    18
DEBUG (70): 2172444   2169910   13    49
DEBUG (191): 2175909   2171230   14    30
DEBUG (65): 2177324   2171737   14    65
DEBUG (185): 2177467   2176431   13    121
DEBUG (10): 2180147   2179637   12    30
DEBUG (58): 2180673   2179134   14    52
DEBUG (160): 2180907   2179358   8    14
DEBUG (144): 2181018   2179469   14    17
DEBUG (106): 2181058   2181037   9    12
DEBUG (23): 2187491   1215776   3    115
DEBUG (197): 2187995   2187471   14    51
DEBUG (24): 2190316   2189800   8    12
DEBUG (135): 2191232   2191209   14    57
DEBUG (11): 2192888   2187806   14    134
DEBUG (187): 2195588   2193538   14    83
DEBUG (221): 2195969   2195943   14    45
DEBUG (223): 2196523   2196503   14    49
DEBUG (141): 2196641   2196628   9    66
DEBUG (206): 2202278   2201755   13    68
DEBUG (89): 2214362   2213834   14    82
DEBUG (219): 2220313   2218777   12    52
DEBUG (178): 2243389   2243361   10    126
DEBUG (1): 2245304   2245285   15    15
DEBUG (204): 2263322   2262801   10    32
DEBUG (45): 2288220   2287186   15    61
DEBUG (91): 2292999   2292974   15    16
DEBUG (125): 2293250   2293230   15    35
DEBUG (3): 2294375   2294355   15    37
DEBUG (41): 2296127   2296113   15    20
DEBUG (53): 2297529   2297516   11    23
DEBUG (111): 2298836   2298828   15    28
DEBUG (97): 2299404   2299383   15    19
DEBUG (99): 2299911   2299890   15    25
DEBUG (112): 2299932   2298844   14    42
DEBUG (108): 2306039   2305503   15    24
DEBUG (68): 2306149   2306134   15    22
DEBUG (77): 2310102   2310080   15    21
DEBUG (28): 2310472   2310445   15    31
DEBUG (147): 2314330   2311288   11    18
DEBUG (150): 2314509   2314490   15    40
DEBUG (117): 2314584   2314563   15    18
DEBUG (96): 2315724   2315196   15    34
DEBUG (154): 2318245   2318227   15    29
DEBUG (109): 2320683   2320655   14    17
DEBUG (80): 2321199   2321180   15    17
DEBUG (61): 2321895   2321874   12    30
DEBUG (87): 2323225   2323199   15    16
DEBUG (157): 2324422   2324398   15    23
DEBUG (216): 2324428   2324409   15    32
DEBUG (167): 2328197   2328184   15    67
DEBUG (63): 2328725   2328697   15    51
DEBUG (184): 2330402   2330385   15    15
DEBUG (193): 2331230   2330703   15    19
DEBUG (37): 2333295   2333279   15    57
DEBUG (162): 2333642   2329587   15    55
DEBUG (191): 2335927   2335906   15    31
DEBUG (65): 2338349   2337316   15    68
DEBUG (10): 2340157   2340143   13    31
DEBUG (144): 2341039   2341020   15    18
DEBUG (106): 2341081   2341060   10    13
DEBUG (175): 2341522   2335930   13    19
DEBUG (197): 2348013   2347995   15    52
DEBUG (187): 2356112   2355587   15    85
DEBUG (223): 2356547   2356522   15    50
DEBUG (221): 2358519   2355961   15    51
DEBUG (206): 2364324   2358526   14    74
DEBUG (89): 2375909   2374363   15    86
DEBUG (219): 2382449   2380318   13    57
DEBUG (4): 2384479   2378889   15    196
DEBUG (43): 2395591   2394560   13    158
DEBUG (1): 2405331   2405307   16    16
DEBUG (178): 2406954   2403384   11    134
DEBUG (164): 2413250   2405142   11    142
DEBUG (82): 2416067   2413020   11    53
DEBUG (74): 2425462   2425437   15    185
DEBUG (33): 2435755   2435735   16    19
DEBUG (45): 2448495   2448216   16    62
DEBUG (7): 2451306   2450269   15    293
DEBUG (120): 2451957   2451940   16    16
DEBUG (91): 2453010   2452996   16    17
DEBUG (116): 2453058   2453041   16    17
DEBUG (125): 2453275   2453254   16    36
DEBUG (69): 2454626   2454602   16    19
DEBUG (39): 2455133   2455114   16    22
DEBUG (41): 2456135   2456127   16    21
DEBUG (97): 2459422   2459399   16    20
DEBUG (68): 2466678   2466145   16    24
DEBUG (108): 2467586   2466042   16    28
DEBUG (8): 2469171   2469155   15    346
DEBUG (76): 2469945   2469927   16    32
DEBUG (28): 2471043   2470516   16    33
DEBUG (148): 2471301   2471277   16    16
DEBUG (212): 2471327   2458165   14    469
DEBUG (22): 2473247   2469181   15    43
DEBUG (147): 2474347   2474336   12    19
DEBUG (150): 2474535   2474509   16    41
DEBUG (117): 2474866   2474587   16    19
DEBUG (86): 2475630   2005893   11    52
DEBUG (109): 2480697   2480682   15    18
DEBUG (80): 2481216   2481195   16    18
DEBUG (153): 2483138   2483126   16    22
DEBUG (87): 2483235   2483220   16    17
DEBUG (157): 2484434   2484421   16    24
DEBUG (216): 2484597   2484422   16    33
DEBUG (214): 2485910   2485892   16    26
DEBUG (131): 2489417   2489401   16    29
DEBUG (193): 2491252   2491227   16    20
DEBUG (194): 2491782   2491255   15    52
DEBUG (207): 2492261   2491242   16    22
DEBUG (137): 2492931   2491396   16    77
DEBUG (37): 2493308   2493293   16    58
DEBUG (199): 2493805   2493778   16    62
DEBUG (198): 2500559   2500544   14    73
DEBUG (144): 2501055   2501036   16    19
DEBUG (175): 2501532   2501513   14    20
DEBUG (106): 2501617   2501088   11    15
DEBUG (135): 2511265   2511252   16    59
DEBUG (187): 2516633   2516108   16    87
DEBUG (221): 2520064   2518522   16    55
DEBUG (1): 2565857   2565329   17    18
DEBUG (74): 2585501   2585459   16    186
DEBUG (31): 2598842   2598819   17    26
DEBUG (120): 2611982   2611958   17    17
DEBUG (116): 2613076   2613058   17    18
DEBUG (91): 2613513   2613013   17    18
DEBUG (125): 2613799   2613267   17    38
DEBUG (69): 2614649   2614625   17    20
DEBUG (39): 2615159   2615136   17    23
DEBUG (97): 2619947   2619416   17    22
DEBUG (99): 2619970   2619958   17    27
DEBUG (53): 2625139   2622596   13    40
DEBUG (200): 2626750   2626228   17    27
DEBUG (113): 2628103   2625565   15    68
DEBUG (76): 2629977   2629953   17    33
DEBUG (28): 2631062   2631038   17    34
DEBUG (147): 2634372   2634348   13    20
DEBUG (150): 2634551   2634537   17    42
DEBUG (22): 2634794   2633242   16    47
DEBUG (96): 2637304   2636259   17    39
DEBUG (14): 2638706   2636150   13    121
DEBUG (83): 2639170   2639151   17    68
DEBUG (80): 2641735   2641218   17    20
DEBUG (61): 2641935   2641923   14    32
DEBUG (216): 2644618   2644598   17    34
DEBUG (214): 2645938   2645913   17    27
DEBUG (156): 2647434   2644881   17    67
DEBUG (167): 2648739   2648213   17    70
DEBUG (149): 2648808   2647778   17    31
DEBUG (64): 2649284   2168703   13    82
DEBUG (193): 2651262   2651246   17    21
DEBUG (194): 2651793   2651268   16    54
DEBUG (137): 2653459   2652938   17    79
DEBUG (37): 2653532   2653317   17    59
DEBUG (126): 2655082   2167543   10    74
DEBUG (144): 2661079   2661055   17    20
DEBUG (175): 2662058   2661531   15    22
DEBUG (170): 2664161   2664141   16    68
DEBUG (58): 2667318   2667301   17    68
DEBUG (24): 2670384   2670362   11    15
DEBUG (135): 2671795   2671265   17    61
DEBUG (182): 2673644   2668560   16    91
DEBUG (223): 2676590   2676567   17    52
DEBUG (187): 2678154   2676632   17    91
DEBUG (171): 2685759   2684219   17    96
DEBUG (178): 2744985   2566949   12    140
DEBUG (33): 2756316   2756293   18    22
DEBUG (31): 2758850   2758837   18    27
DEBUG (7): 2771329   2771311   17    295
DEBUG (120): 2771995   2771980   18    18
DEBUG (6): 2772377   2771333   16    41
DEBUG (116): 2773096   2773077   18    19
DEBUG (39): 2775170   2775151   18    24
DEBUG (59): 2775946   2770848   16    440
DEBUG (41): 2776166   2776145   18    23
DEBUG (119): 2781398   2779349   14    144
DEBUG (112): 2782558   2781530   17    51
DEBUG (200): 2787763   2786746   18    30
DEBUG (108): 2788012   2787990   18    30
DEBUG (77): 2790653   2788018   18    30
DEBUG (28): 2791081   2791064   18    35
DEBUG (148): 2791526   2791312   18    18
DEBUG (147): 2794381   2794366   14    21
DEBUG (117): 2794900   2794887   18    21
DEBUG (22): 2795813   2794787   17    50
DEBUG (86): 2799705   2799179   13    62
DEBUG (154): 2800327   2800302   18    36
DEBUG (109): 2801231   2801219   17    21
DEBUG (80): 2801751   2801741   18    21
DEBUG (61): 2801974   2801946   15    33
DEBUG (153): 2803187   2803168   18    24
DEBUG (87): 2803523   2803265   18    19
DEBUG (52): 2806470   2806445   18    103
DEBUG (193): 2811798   2811261   18    23
DEBUG (194): 2811830   2811788   17    56
DEBUG (57): 2812563   2810010   18    59
DEBUG (207): 2813362   2812330   18    26
DEBUG (191): 2813374   2492271   16    34
DEBUG (37): 2814054   2813531   18    61
DEBUG (198): 2820599   2820580   16    75
DEBUG (144): 2821095   2821081   18    21
DEBUG (175): 2823009   2822055   16    24
DEBUG (58): 2827346   2827325   18    69
DEBUG (166): 2827514   2825972   18    88
DEBUG (130): 2828070   2825029   6    20
DEBUG (29): 2830408   2816594   16    195
DEBUG (49): 2830432   2830413   18    76
DEBUG (34): 2843104   202406   2    48
DEBUG (221): 2844161   2840085   18    65
DEBUG (89): 2878515   2864832   18    133
DEBUG (9): 2883282   2883272   18    181
